//========================================================================
// digits.dat
//========================================================================
// A collection of single images taken from the MNIST dataset and stored
// in std::array's of 28*28 unsigned integers (784 unsigned integers).
//
// The data included is as follows:
//
//     Digit    | Label
//     ---------+-------
//     digit0   | 5
//     digit1   | 3
//     digit2   | 2
//     digit3   | 1
//     digit4   | 1
//     digit5   | 6
//     digit6   | 5
//     digit7   | 8
//     digit8   | 9
//     digit9   | 7
//     digit10  | 0
//     digit11  | 7
//     digit12  | 4
//     digit13  | 0
//

char digit0_label = '5';
int digit0_image[] = { // Label: 5, MNIST Training ID 0
  0,   0,   0,   0,   0,   0,   0,   0,   0,   0,   0,   0,   0,   0,   0,   0,   0,   0,   0,   0,   0,   0,   0,   0,   0,   0,   0,   0,
  0,   0,   0,   0,   0,   0,   0,   0,   0,   0,   0,   0,   0,   0,   0,   0,   0,   0,   0,   0,   0,   0,   0,   0,   0,   0,   0,   0,
  0,   0,   0,   0,   0,   0,   0,   0,   0,   0,   0,   0,   0,   0,   0,   0,   0,   0,   0,   0,   0,   0,   0,   0,   0,   0,   0,   0,
  0,   0,   0,   0,   0,   0,   0,   0,   0,   0,   0,   0,   0,   0,   0,   0,   0,   0,   0,   0,   0,   0,   0,   0,   0,   0,   0,   0,
  0,   0,   0,   0,   0,   0,   0,   0,   0,   0,   0,   0,   0,   0,   0,   0,   0,   0,   0,   0,   0,   0,   0,   0,   0,   0,   0,   0,
  0,   0,   0,   0,   0,   0,   0,   0,   0,   0,   0,   0,   3,  18,  18,  18, 126, 136, 175,  26, 166, 255, 247, 127,   0,   0,   0,   0,
  0,   0,   0,   0,   0,   0,   0,   0,  30,  36,  94, 154, 170, 253, 253, 253, 253, 253, 225, 172, 253, 242, 195,  64,   0,   0,   0,   0,
  0,   0,   0,   0,   0,   0,   0,  49, 238, 253, 253, 253, 253, 253, 253, 253, 253, 251,  93,  82,  82,  56,  39,   0,   0,   0,   0,   0,
  0,   0,   0,   0,   0,   0,   0,  18, 219, 253, 253, 253, 253, 253, 198, 182, 247, 241,   0,   0,   0,   0,   0,   0,   0,   0,   0,   0,
  0,   0,   0,   0,   0,   0,   0,   0,  80, 156, 107, 253, 253, 205,  11,   0,  43, 154,   0,   0,   0,   0,   0,   0,   0,   0,   0,   0,
  0,   0,   0,   0,   0,   0,   0,   0,   0,  14,   1, 154, 253,  90,   0,   0,   0,   0,   0,   0,   0,   0,   0,   0,   0,   0,   0,   0,
  0,   0,   0,   0,   0,   0,   0,   0,   0,   0,   0, 139, 253, 190,   2,   0,   0,   0,   0,   0,   0,   0,   0,   0,   0,   0,   0,   0,
  0,   0,   0,   0,   0,   0,   0,   0,   0,   0,   0,  11, 190, 253,  70,   0,   0,   0,   0,   0,   0,   0,   0,   0,   0,   0,   0,   0,
  0,   0,   0,   0,   0,   0,   0,   0,   0,   0,   0,   0,  35, 241, 225, 160, 108,   1,   0,   0,   0,   0,   0,   0,   0,   0,   0,   0,
  0,   0,   0,   0,   0,   0,   0,   0,   0,   0,   0,   0,   0,  81, 240, 253, 253, 119,  25,   0,   0,   0,   0,   0,   0,   0,   0,   0,
  0,   0,   0,   0,   0,   0,   0,   0,   0,   0,   0,   0,   0,   0,  45, 186, 253, 253, 150,  27,   0,   0,   0,   0,   0,   0,   0,   0,
  0,   0,   0,   0,   0,   0,   0,   0,   0,   0,   0,   0,   0,   0,   0,  16,  93, 252, 253, 187,   0,   0,   0,   0,   0,   0,   0,   0,
  0,   0,   0,   0,   0,   0,   0,   0,   0,   0,   0,   0,   0,   0,   0,   0,   0, 249, 253, 249,  64,   0,   0,   0,   0,   0,   0,   0,
  0,   0,   0,   0,   0,   0,   0,   0,   0,   0,   0,   0,   0,   0,  46, 130, 183, 253, 253, 207,   2,   0,   0,   0,   0,   0,   0,   0,
  0,   0,   0,   0,   0,   0,   0,   0,   0,   0,   0,   0,  39, 148, 229, 253, 253, 253, 250, 182,   0,   0,   0,   0,   0,   0,   0,   0,
  0,   0,   0,   0,   0,   0,   0,   0,   0,   0,  24, 114, 221, 253, 253, 253, 253, 201,  78,   0,   0,   0,   0,   0,   0,   0,   0,   0,
  0,   0,   0,   0,   0,   0,   0,   0,  23,  66, 213, 253, 253, 253, 253, 198,  81,   2,   0,   0,   0,   0,   0,   0,   0,   0,   0,   0,
  0,   0,   0,   0,   0,   0,  18, 171, 219, 253, 253, 253, 253, 195,  80,   9,   0,   0,   0,   0,   0,   0,   0,   0,   0,   0,   0,   0,
  0,   0,   0,   0,  55, 172, 226, 253, 253, 253, 253, 244, 133,  11,   0,   0,   0,   0,   0,   0,   0,   0,   0,   0,   0,   0,   0,   0,
  0,   0,   0,   0, 136, 253, 253, 253, 212, 135, 132,  16,   0,   0,   0,   0,   0,   0,   0,   0,   0,   0,   0,   0,   0,   0,   0,   0,
  0,   0,   0,   0,   0,   0,   0,   0,   0,   0,   0,   0,   0,   0,   0,   0,   0,   0,   0,   0,   0,   0,   0,   0,   0,   0,   0,   0,
  0,   0,   0,   0,   0,   0,   0,   0,   0,   0,   0,   0,   0,   0,   0,   0,   0,   0,   0,   0,   0,   0,   0,   0,   0,   0,   0,   0,
  0,   0,   0,   0,   0,   0,   0,   0,   0,   0,   0,   0,   0,   0,   0,   0,   0,   0,   0,   0,   0,   0,   0,   0,   0,   0,   0,   0
};

char digit1_label = '3';
int digit1_image[] = { // Label: 3
  0,   0,   0,   0,   0,   0,   0,   0,   0,   0,   0,   0,   0,   0,   0,   0,   0,   0,   0,   0,   0,   0,   0,   0,   0,   0,   0,   0,
  0,   0,   0,   0,   0,   0,   0,   0,   0,   0,   0,   0,   0,   0,   0,   0,   0,   0,   0,   0,   0,   0,   0,   0,   0,   0,   0,   0,
  0,   0,   0,   0,   0,   0,   0,   0,   0,   0,   0,   0,   0,   0,   0,   0,   0,   0,   0,   0,   0,   0,   0,   0,   0,   0,   0,   0,
  0,   0,   0,   0,   0,   0,   0,   0,   0,   0,   0,   0,   0,   0,   0,   0,   0,   0,   0,   0,   0,   0,   0,   0,   0,   0,   0,   0,
  0,   0,   0,   0,   0,   0,   0,   0,   0,   0,   0,   0,   0,   0,   0,   0,   0,   0,   0,   0,   0,   0,   0,   0,   0,   0,   0,   0,
  0,   0,   0,   0,   0,   0,   0,   0,   0,   0,   0,  38,  43, 105, 255, 253, 253, 253, 253, 253, 174,   6,   0,   0,   0,   0,   0,   0,
  0,   0,   0,   0,   0,   0,   0,   0,   0,  43, 139, 224, 226, 252, 253, 252, 252, 252, 252, 252, 252, 158,  14,   0,   0,   0,   0,   0,
  0,   0,   0,   0,   0,   0,   0,   0,   0, 178, 252, 252, 252, 252, 253, 252, 252, 252, 252, 252, 252, 252,  59,   0,   0,   0,   0,   0,
  0,   0,   0,   0,   0,   0,   0,   0,   0, 109, 252, 252, 230, 132, 133, 132, 132, 189, 252, 252, 252, 252,  59,   0,   0,   0,   0,   0,
  0,   0,   0,   0,   0,   0,   0,   0,   0,   4,  29,  29,  24,   0,   0,   0,   0,  14, 226, 252, 252, 172,   7,   0,   0,   0,   0,   0,
  0,   0,   0,   0,   0,   0,   0,   0,   0,   0,   0,   0,   0,   0,   0,   0,   0,  85, 243, 252, 252, 144,   0,   0,   0,   0,   0,   0,
  0,   0,   0,   0,   0,   0,   0,   0,   0,   0,   0,   0,   0,   0,   0,   0,  88, 189, 252, 252, 252,  14,   0,   0,   0,   0,   0,   0,
  0,   0,   0,   0,   0,   0,   0,   0,   0,   0,   0,   0,   0,   0,  91, 212, 247, 252, 252, 252, 204,   9,   0,   0,   0,   0,   0,   0,
  0,   0,   0,   0,   0,   0,   0,   0,   0,  32, 125, 193, 193, 193, 253, 252, 252, 252, 238, 102,  28,   0,   0,   0,   0,   0,   0,   0,
  0,   0,   0,   0,   0,   0,   0,   0,  45, 222, 252, 252, 252, 252, 253, 252, 252, 252, 177,   0,   0,   0,   0,   0,   0,   0,   0,   0,
  0,   0,   0,   0,   0,   0,   0,   0,  45, 223, 253, 253, 253, 253, 255, 253, 253, 253, 253,  74,   0,   0,   0,   0,   0,   0,   0,   0,
  0,   0,   0,   0,   0,   0,   0,   0,   0,  31, 123,  52,  44,  44,  44,  44, 143, 252, 252,  74,   0,   0,   0,   0,   0,   0,   0,   0,
  0,   0,   0,   0,   0,   0,   0,   0,   0,   0,   0,   0,   0,   0,   0,   0,  15, 252, 252,  74,   0,   0,   0,   0,   0,   0,   0,   0,
  0,   0,   0,   0,   0,   0,   0,   0,   0,   0,   0,   0,   0,   0,   0,   0,  86, 252, 252,  74,   0,   0,   0,   0,   0,   0,   0,   0,
  0,   0,   0,   0,   0,   0,   5,  75,   9,   0,   0,   0,   0,   0,   0,  98, 242, 252, 252,  74,   0,   0,   0,   0,   0,   0,   0,   0,
  0,   0,   0,   0,   0,  61, 183, 252,  29,   0,   0,   0,   0,  18,  92, 239, 252, 252, 243,  65,   0,   0,   0,   0,   0,   0,   0,   0,
  0,   0,   0,   0,   0, 208, 252, 252, 147, 134, 134, 134, 134, 203, 253, 252, 252, 188,  83,   0,   0,   0,   0,   0,   0,   0,   0,   0,
  0,   0,   0,   0,   0, 208, 252, 252, 252, 252, 252, 252, 252, 252, 253, 230, 153,   8,   0,   0,   0,   0,   0,   0,   0,   0,   0,   0,
  0,   0,   0,   0,   0,  49, 157, 252, 252, 252, 252, 252, 217, 207, 146,  45,   0,   0,   0,   0,   0,   0,   0,   0,   0,   0,   0,   0,
  0,   0,   0,   0,   0,   0,   7, 103, 235, 252, 172, 103,  24,   0,   0,   0,   0,   0,   0,   0,   0,   0,   0,   0,   0,   0,   0,   0,
  0,   0,   0,   0,   0,   0,   0,   0,   0,   0,   0,   0,   0,   0,   0,   0,   0,   0,   0,   0,   0,   0,   0,   0,   0,   0,   0,   0,
  0,   0,   0,   0,   0,   0,   0,   0,   0,   0,   0,   0,   0,   0,   0,   0,   0,   0,   0,   0,   0,   0,   0,   0,   0,   0,   0,   0,
  0,   0,   0,   0,   0,   0,   0,   0,   0,   0,   0,   0,   0,   0,   0,   0,   0,   0,   0,   0,   0,   0,   0,   0,   0,   0,   0,   0
};

char digit2_label = '2';
int digit2_image[] = { // Label: 2
  0,   0,   0,   0,   0,   0,   0,   0,   0,   0,   0,   0,   0,   0,   0,   0,   0,   0,   0,   0,   0,   0,   0,   0,   0,   0,   0,   0,
  0,   0,   0,   0,   0,   0,   0,   0,   0,   0,   0,   0,   0,   0,   0,   0,   0,   0,   0,   0,   0,   0,   0,   0,   0,   0,   0,   0,
  0,   0,   0,   0,   0,   0,   0,   0,   0,   0,   0,   0,   0,   0,   0,   0,   0,   0,   0,   0,   0,   0,   0,   0,   0,   0,   0,   0,
  0,   0,   0,   0,   0,   0,   0,   0,   0,   0,   0,   0,   0,   0,   0,   0,   0,   0,   0,   0,   0,   0,   0,   0,   0,   0,   0,   0,
  0,   0,   0,   0,   0,   0,   0,   0,   0,   0,   0,   0,   0,   0,   0,   0,   0,   0,   0,   0,   0,   0,   0,   0,   0,   0,   0,   0,
  0,   0,   0,   0,   0,   0,   0,   0,   0,   0,   0,   0,   0,   0,   0,  13,  25, 100, 122,   7,   0,   0,   0,   0,   0,   0,   0,   0,
  0,   0,   0,   0,   0,   0,   0,   0,   0,   0,   0,   0,   0,  33, 151, 208, 252, 252, 252, 146,   0,   0,   0,   0,   0,   0,   0,   0,
  0,   0,   0,   0,   0,   0,   0,   0,   0,   0,   0,  40, 152, 244, 252, 253, 224, 211, 252, 232,  40,   0,   0,   0,   0,   0,   0,   0,
  0,   0,   0,   0,   0,   0,   0,   0,   0,  15, 152, 239, 252, 252, 252, 216,  31,  37, 252, 252,  60,   0,   0,   0,   0,   0,   0,   0,
  0,   0,   0,   0,   0,   0,   0,   0,   0,  96, 252, 252, 252, 252, 217,  29,   0,  37, 252, 252,  60,   0,   0,   0,   0,   0,   0,   0,
  0,   0,   0,   0,   0,   0,   0,   0,   0, 181, 252, 252, 220, 167,  30,   0,   0,  77, 252, 252,  60,   0,   0,   0,   0,   0,   0,   0,
  0,   0,   0,   0,   0,   0,   0,   0,   0,  26, 128,  58,  22,   0,   0,   0,   0, 100, 252, 252,  60,   0,   0,   0,   0,   0,   0,   0,
  0,   0,   0,   0,   0,   0,   0,   0,   0,   0,   0,   0,   0,   0,   0,   0,   0, 157, 252, 252,  60,   0,   0,   0,   0,   0,   0,   0,
  0,   0,   0,   0,   0,   0,   0,   0,   0,   0,   0,   0,   0, 110, 121, 122, 121, 202, 252, 194,   3,   0,   0,   0,   0,   0,   0,   0,
  0,   0,   0,   0,   0,   0,   0,   0,   0,   0,  10,  53, 179, 253, 253, 255, 253, 253, 228,  35,   0,   0,   0,   0,   0,   0,   0,   0,
  0,   0,   0,   0,   0,   0,   0,   0,   5,  54, 227, 252, 243, 228, 170, 242, 252, 252, 231, 117,   6,   0,   0,   0,   0,   0,   0,   0,
  0,   0,   0,   0,   0,   0,   0,   6,  78, 252, 252, 125,  59,   0,  18, 208, 252, 252, 252, 252,  87,   7,   0,   0,   0,   0,   0,   0,
  0,   0,   0,   0,   0,   0,   5, 135, 252, 252, 180,  16,   0,  21, 203, 253, 247, 129, 173, 252, 252, 184,  66,  49,  49,   0,   0,   0,
  0,   0,   0,   0,   0,   3, 136, 252, 241, 106,  17,   0,  53, 200, 252, 216,  65,   0,  14,  72, 163, 241, 252, 252, 223,   0,   0,   0,
  0,   0,   0,   0,   0, 105, 252, 242,  88,  18,  73, 170, 244, 252, 126,  29,   0,   0,   0,   0,   0,  89, 180, 180,  37,   0,   0,   0,
  0,   0,   0,   0,   0, 231, 252, 245, 205, 216, 252, 252, 252, 124,   3,   0,   0,   0,   0,   0,   0,   0,   0,   0,   0,   0,   0,   0,
  0,   0,   0,   0,   0, 207, 252, 252, 252, 252, 178, 116,  36,   4,   0,   0,   0,   0,   0,   0,   0,   0,   0,   0,   0,   0,   0,   0,
  0,   0,   0,   0,   0,  13,  93, 143, 121,  23,   6,   0,   0,   0,   0,   0,   0,   0,   0,   0,   0,   0,   0,   0,   0,   0,   0,   0,
  0,   0,   0,   0,   0,   0,   0,   0,   0,   0,   0,   0,   0,   0,   0,   0,   0,   0,   0,   0,   0,   0,   0,   0,   0,   0,   0,   0,
  0,   0,   0,   0,   0,   0,   0,   0,   0,   0,   0,   0,   0,   0,   0,   0,   0,   0,   0,   0,   0,   0,   0,   0,   0,   0,   0,   0,
  0,   0,   0,   0,   0,   0,   0,   0,   0,   0,   0,   0,   0,   0,   0,   0,   0,   0,   0,   0,   0,   0,   0,   0,   0,   0,   0,   0,
  0,   0,   0,   0,   0,   0,   0,   0,   0,   0,   0,   0,   0,   0,   0,   0,   0,   0,   0,   0,   0,   0,   0,   0,   0,   0,   0,   0,
  0,   0,   0,   0,   0,   0,   0,   0,   0,   0,   0,   0,   0,   0,   0,   0,   0,   0,   0,   0,   0,   0,   0,   0,   0,   0,   0,   0
};

char digit3_label = '1';
int digit3_image[] = { // Label: 1
  0,   0,   0,   0,   0,   0,   0,   0,   0,   0,   0,   0,   0,   0,   0,   0,   0,   0,   0,   0,   0,   0,   0,   0,   0,   0,   0,   0,
  0,   0,   0,   0,   0,   0,   0,   0,   0,   0,   0,   0,   0,   0,   0,   0,   0,   0,   0,   0,   0,   0,   0,   0,   0,   0,   0,   0,
  0,   0,   0,   0,   0,   0,   0,   0,   0,   0,   0,   0,   0,   0,   0,   0,   0,   0,   0,   0,   0,   0,   0,   0,   0,   0,   0,   0,
  0,   0,   0,   0,   0,   0,   0,   0,   0,   0,   0,   0,   0,   0,   0,   0,   0,   0,   0,   0,   0,   0,   0,   0,   0,   0,   0,   0,
  0,   0,   0,   0,   0,   0,   0,   0,   0,   0,   0,   0,   0,   0,   0,   0,   0,   0,   0,   0,   0,   0,   0,   0,   0,   0,   0,   0,
  0,   0,   0,   0,   0,   0,   0,   0,   0,   0,   0,   0,   5,  63, 197,   0,   0,   0,   0,   0,   0,   0,   0,   0,   0,   0,   0,   0,
  0,   0,   0,   0,   0,   0,   0,   0,   0,   0,   0,   0,  20, 254, 230,  24,   0,   0,   0,   0,   0,   0,   0,   0,   0,   0,   0,   0,
  0,   0,   0,   0,   0,   0,   0,   0,   0,   0,   0,   0,  20, 254, 254,  48,   0,   0,   0,   0,   0,   0,   0,   0,   0,   0,   0,   0,
  0,   0,   0,   0,   0,   0,   0,   0,   0,   0,   0,   0,  20, 254, 255,  48,   0,   0,   0,   0,   0,   0,   0,   0,   0,   0,   0,   0,
  0,   0,   0,   0,   0,   0,   0,   0,   0,   0,   0,   0,  20, 254, 254,  57,   0,   0,   0,   0,   0,   0,   0,   0,   0,   0,   0,   0,
  0,   0,   0,   0,   0,   0,   0,   0,   0,   0,   0,   0,  20, 254, 254, 108,   0,   0,   0,   0,   0,   0,   0,   0,   0,   0,   0,   0,
  0,   0,   0,   0,   0,   0,   0,   0,   0,   0,   0,   0,  16, 239, 254, 143,   0,   0,   0,   0,   0,   0,   0,   0,   0,   0,   0,   0,
  0,   0,   0,   0,   0,   0,   0,   0,   0,   0,   0,   0,   0, 178, 254, 143,   0,   0,   0,   0,   0,   0,   0,   0,   0,   0,   0,   0,
  0,   0,   0,   0,   0,   0,   0,   0,   0,   0,   0,   0,   0, 178, 254, 143,   0,   0,   0,   0,   0,   0,   0,   0,   0,   0,   0,   0,
  0,   0,   0,   0,   0,   0,   0,   0,   0,   0,   0,   0,   0, 178, 254, 162,   0,   0,   0,   0,   0,   0,   0,   0,   0,   0,   0,   0,
  0,   0,   0,   0,   0,   0,   0,   0,   0,   0,   0,   0,   0, 178, 254, 240,   0,   0,   0,   0,   0,   0,   0,   0,   0,   0,   0,   0,
  0,   0,   0,   0,   0,   0,   0,   0,   0,   0,   0,   0,   0, 113, 254, 240,   0,   0,   0,   0,   0,   0,   0,   0,   0,   0,   0,   0,
  0,   0,   0,   0,   0,   0,   0,   0,   0,   0,   0,   0,   0,  83, 254, 245,  31,   0,   0,   0,   0,   0,   0,   0,   0,   0,   0,   0,
  0,   0,   0,   0,   0,   0,   0,   0,   0,   0,   0,   0,   0,  79, 254, 246,  38,   0,   0,   0,   0,   0,   0,   0,   0,   0,   0,   0,
  0,   0,   0,   0,   0,   0,   0,   0,   0,   0,   0,   0,   0,   0, 214, 254, 150,   0,   0,   0,   0,   0,   0,   0,   0,   0,   0,   0,
  0,   0,   0,   0,   0,   0,   0,   0,   0,   0,   0,   0,   0,   0, 144, 241,   8,   0,   0,   0,   0,   0,   0,   0,   0,   0,   0,   0,
  0,   0,   0,   0,   0,   0,   0,   0,   0,   0,   0,   0,   0,   0, 144, 240,   2,   0,   0,   0,   0,   0,   0,   0,   0,   0,   0,   0,
  0,   0,   0,   0,   0,   0,   0,   0,   0,   0,   0,   0,   0,   0, 144, 254,  82,   0,   0,   0,   0,   0,   0,   0,   0,   0,   0,   0,
  0,   0,   0,   0,   0,   0,   0,   0,   0,   0,   0,   0,   0,   0, 230, 247,  40,   0,   0,   0,   0,   0,   0,   0,   0,   0,   0,   0,
  0,   0,   0,   0,   0,   0,   0,   0,   0,   0,   0,   0,   0,   0, 168, 209,  31,   0,   0,   0,   0,   0,   0,   0,   0,   0,   0,   0,
  0,   0,   0,   0,   0,   0,   0,   0,   0,   0,   0,   0,   0,   0,   0,   0,   0,   0,   0,   0,   0,   0,   0,   0,   0,   0,   0,   0,
  0,   0,   0,   0,   0,   0,   0,   0,   0,   0,   0,   0,   0,   0,   0,   0,   0,   0,   0,   0,   0,   0,   0,   0,   0,   0,   0,   0,
  0,   0,   0,   0,   0,   0,   0,   0,   0,   0,   0,   0,   0,   0,   0,   0,   0,   0,   0,   0,   0,   0,   0,   0,   0,   0,   0,   0
};

char digit4_label = '1';
int digit4_image[] = { // Label: 1
  0,   0,   0,   0,   0,   0,   0,   0,   0,   0,   0,   0,   0,   0,   0,   0,   0,   0,   0,   0,   0,   0,   0,   0,   0,   0,   0,   0,
  0,   0,   0,   0,   0,   0,   0,   0,   0,   0,   0,   0,   0,   0,   0,   0,   0,   0,   0,   0,   0,   0,   0,   0,   0,   0,   0,   0,
  0,   0,   0,   0,   0,   0,   0,   0,   0,   0,   0,   0,   0,   0,   0,   0,   0,   0,   0,   0,   0,   0,   0,   0,   0,   0,   0,   0,
  0,   0,   0,   0,   0,   0,   0,   0,   0,   0,   0,   0,   0,   0,   0,   0,   0,   0,   0,   0,   0,   0,   0,   0,   0,   0,   0,   0,
  0,   0,   0,   0,   0,   0,   0,   0,   0,   0,   0,   0,   0,   0,   0,   0,   0,   0,   0,   0,   0,   0,   0,   0,   0,   0,   0,   0,
  0,   0,   0,   0,   0,   0,   0,   0,   0,   0,   0,   0,   0,   0,   0,   0,   0,   0,   7, 172, 218,  37,   0,   0,   0,   0,   0,   0,
  0,   0,   0,   0,   0,   0,   0,   0,   0,   0,   0,   0,   0,   0,   0,   0,   0,  13,  60, 254, 254,  92,   0,   0,   0,   0,   0,   0,
  0,   0,   0,   0,   0,   0,   0,   0,   0,   0,   0,   0,   0,   0,   0,   0,   0,  70, 254, 254, 254,  92,   0,   0,   0,   0,   0,   0,
  0,   0,   0,   0,   0,   0,   0,   0,   0,   0,   0,   0,   0,   0,   0,   9,  94, 232, 254, 254, 232,  59,   0,   0,   0,   0,   0,   0,
  0,   0,   0,   0,   0,   0,   0,   0,   0,   0,   0,   0,   0,   0,   0,  48, 254, 254, 254, 237,  69,   0,   0,   0,   0,   0,   0,   0,
  0,   0,   0,   0,   0,   0,   0,   0,   0,   0,   0,   0,   0,   0, 128, 220, 254, 254, 254, 138,   0,   0,   0,   0,   0,   0,   0,   0,
  0,   0,   0,   0,   0,   0,   0,   0,   0,   0,   0,   0,   0,  45, 240, 254, 254, 231, 160,   8,   0,   0,   0,   0,   0,   0,   0,   0,
  0,   0,   0,   0,   0,   0,   0,   0,   0,   0,   0,   0,   4, 147, 254, 254, 254, 166,   0,   0,   0,   0,   0,   0,   0,   0,   0,   0,
  0,   0,   0,   0,   0,   0,   0,   0,   0,   0,   0,   0, 112, 255, 254, 254, 190,  15,   0,   0,   0,   0,   0,   0,   0,   0,   0,   0,
  0,   0,   0,   0,   0,   0,   0,   0,   0,   0,   0,   0, 186, 254, 254, 233,  12,   0,   0,   0,   0,   0,   0,   0,   0,   0,   0,   0,
  0,   0,   0,   0,   0,   0,   0,   0,   0,   0,   0,  75, 234, 254, 200,  70,   0,   0,   0,   0,   0,   0,   0,   0,   0,   0,   0,   0,
  0,   0,   0,   0,   0,   0,   0,   0,   0,   0,  69, 247, 254, 254, 102,   0,   0,   0,   0,   0,   0,   0,   0,   0,   0,   0,   0,   0,
  0,   0,   0,   0,   0,   0,   0,   0,   0,   0, 139, 254, 254, 218,  16,   0,   0,   0,   0,   0,   0,   0,   0,   0,   0,   0,   0,   0,
  0,   0,   0,   0,   0,   0,   0,   0,   0,  27, 217, 254, 224,  41,   0,   0,   0,   0,   0,   0,   0,   0,   0,   0,   0,   0,   0,   0,
  0,   0,   0,   0,   0,   0,   0,   0,   0, 110, 254, 254,  69,   0,   0,   0,   0,   0,   0,   0,   0,   0,   0,   0,   0,   0,   0,   0,
  0,   0,   0,   0,   0,   0,   0,   0,  23, 209, 254, 234,  52,   0,   0,   0,   0,   0,   0,   0,   0,   0,   0,   0,   0,   0,   0,   0,
  0,   0,   0,   0,   0,   0,   0,   0,  94, 254, 254,  70,   0,   0,   0,   0,   0,   0,   0,   0,   0,   0,   0,   0,   0,   0,   0,   0,
  0,   0,   0,   0,   0,   0,   0,   0,  94, 254, 195,   9,   0,   0,   0,   0,   0,   0,   0,   0,   0,   0,   0,   0,   0,   0,   0,   0,
  0,   0,   0,   0,   0,   0,   0,   0,  94, 254, 116,   0,   0,   0,   0,   0,   0,   0,   0,   0,   0,   0,   0,   0,   0,   0,   0,   0,
  0,   0,   0,   0,   0,   0,   0,   0,  37, 218, 116,   0,   0,   0,   0,   0,   0,   0,   0,   0,   0,   0,   0,   0,   0,   0,   0,   0,
  0,   0,   0,   0,   0,   0,   0,   0,   0,   0,   0,   0,   0,   0,   0,   0,   0,   0,   0,   0,   0,   0,   0,   0,   0,   0,   0,   0,
  0,   0,   0,   0,   0,   0,   0,   0,   0,   0,   0,   0,   0,   0,   0,   0,   0,   0,   0,   0,   0,   0,   0,   0,   0,   0,   0,   0,
  0,   0,   0,   0,   0,   0,   0,   0,   0,   0,   0,   0,   0,   0,   0,   0,   0,   0,   0,   0,   0,   0,   0,   0,   0,   0,   0,   0
};

char digit5_label = '6';
int digit5_image[] = { // Label: 6
  0,   0,   0,   0,   0,   0,   0,   0,   0,   0,   0,   0,   0,   0,   0,   0,   0,   0,   0,   0,   0,   0,   0,   0,   0,   0,   0,   0,
  0,   0,   0,   0,   0,   0,   0,   0,   0,   0,   0,   0,   0,   0,   0,   0,   0,   0,   0,   0,   0,   0,   0,   0,   0,   0,   0,   0,
  0,   0,   0,   0,   0,   0,   0,   0,   0,   0,   0,   0,   0,   0,   0,   0,   0,   0,   0,   0,   0,   0,   0,   0,   0,   0,   0,   0,
  0,   0,   0,   0,   0,   0,   0,   0,   0,   0,   0,   0,   0,   0,   0,   0,   0,   0,   0,   0,   0,   0,   0,   0,   0,   0,   0,   0,
  0,   0,   0,   0,   0,   0,   0,   0,   0,   0,   0,  21, 254, 213,   0,   0,   0,   0,   0,   0,   0,   0,   0,   0,   0,   0,   0,   0,
  0,   0,   0,   0,   0,   0,   0,   0,   0,   0,  41, 223, 253, 212,   0,   0,   0,   0,   0,   0,   0,   0,   0,   0,   0,   0,   0,   0,
  0,   0,   0,   0,   0,   0,   0,   0,   0,   0, 173, 253, 254, 253,  21,   0,   0,   0,   0,   0,   0,   0,   0,   0,   0,   0,   0,   0,
  0,   0,   0,   0,   0,   0,   0,   0,  21, 142, 253, 252, 172, 252,  61,   0,   0,   0,   0,   0,   0,   0,   0,   0,   0,   0,   0,   0,
  0,   0,   0,   0,   0,   0,   0,  21, 132, 253, 203,  20,   0,  41,   0,   0,   0,   0,   0,   0,   0,   0,   0,   0,   0,   0,   0,   0,
  0,   0,   0,   0,   0,   0,   0, 102, 253, 252,  20,   0,   0,   0,   0,   0,   0,   0,   0,   0,   0,   0,   0,   0,   0,   0,   0,   0,
  0,   0,   0,   0,   0,   0,  51, 233, 244,  81,   0,   0,   0,   0,   0,   0,   0,   0,   0,   0,   0,   0,   0,   0,   0,   0,   0,   0,
  0,   0,   0,   0,   0,   0, 152, 252, 203,   0,   0,   0,   0,   0,   0,   0,   0,   0,  62, 102, 102, 142, 204, 162,  41,   0,   0,   0,
  0,   0,   0,   0,   0,   0, 173, 253,  82,   0,   0,   0,   0,   0,   0,   0,  51, 173, 254, 253, 254, 253, 255, 253, 255, 112,   0,   0,
  0,   0,   0,   0,   0,   0, 253, 212,   0,   0,   0,   0,   0,   0,   0,  41, 253, 252, 192, 151,  50,  50,  71, 151, 253, 232,   0,   0,
  0,   0,   0,   0,   0,   0, 254, 151,   0,   0,   0,   0,   0,   0,  31, 233, 254, 233,  41,   0,   0,   0,   0,  82, 255, 151,   0,   0,
  0,   0,   0,   0,   0,   0, 253, 232, 123,   0,   0,   0,   0,   0, 132, 252, 233,  50,   0,   0,   0,   0, 163, 243, 233,  50,   0,   0,
  0,   0,   0,   0,   0,   0, 152, 253, 254, 213,  21,   0,   0,  62, 254, 253,  82,   0,   0,  41, 113, 233, 255, 213,  82,   0,   0,   0,
  0,   0,   0,   0,   0,   0,  30, 172, 253, 252, 223, 122, 102, 203, 253, 252, 102, 183, 203, 243, 253, 252, 131,  10,   0,   0,   0,   0,
  0,   0,   0,   0,   0,   0,   0,   0,  21, 183, 234, 253, 254, 253, 254, 253, 254, 253, 224, 203,  82,   0,   0,   0,   0,   0,   0,   0,
  0,   0,   0,   0,   0,   0,   0,   0,   0,   0,  30,  50, 213, 252, 233, 151,  50,  50,  20,   0,   0,   0,   0,   0,   0,   0,   0,   0,
  0,   0,   0,   0,   0,   0,   0,   0,   0,   0,   0,   0, 152, 253, 103,   0,   0,   0,   0,   0,   0,   0,   0,   0,   0,   0,   0,   0,
  0,   0,   0,   0,   0,   0,   0,   0,   0,   0,   0,   0, 152, 252, 142,   0,   0,   0,   0,   0,   0,   0,   0,   0,   0,   0,   0,   0,
  0,   0,   0,   0,   0,   0,   0,   0,   0,   0,   0,   0, 152, 253, 204,   0,   0,   0,   0,   0,   0,   0,   0,   0,   0,   0,   0,   0,
  0,   0,   0,   0,   0,   0,   0,   0,   0,   0,   0,   0,  30,  91, 122,   0,   0,   0,   0,   0,   0,   0,   0,   0,   0,   0,   0,   0,
  0,   0,   0,   0,   0,   0,   0,   0,   0,   0,   0,   0,   0,   0,   0,   0,   0,   0,   0,   0,   0,   0,   0,   0,   0,   0,   0,   0,
  0,   0,   0,   0,   0,   0,   0,   0,   0,   0,   0,   0,   0,   0,   0,   0,   0,   0,   0,   0,   0,   0,   0,   0,   0,   0,   0,   0,
  0,   0,   0,   0,   0,   0,   0,   0,   0,   0,   0,   0,   0,   0,   0,   0,   0,   0,   0,   0,   0,   0,   0,   0,   0,   0,   0,   0,
  0,   0,   0,   0,   0,   0,   0,   0,   0,   0,   0,   0,   0,   0,   0,   0,   0,   0,   0,   0,   0,   0,   0,   0,   0,   0,   0,   0
};

char digit6_label = '5';
int digit6_image[] = { // Label: 5
  0,   0,   0,   0,   0,   0,   0,   0,   0,   0,   0,   0,   0,   0,   0,   0,   0,   0,   0,   0,   0,   0,   0,   0,   0,   0,   0,   0,
  0,   0,   0,   0,   0,   0,   0,   0,   0,   0,   0,   0,   0,   0,   0,   0,   0,   0,   0,   0,   0,   0,   0,   0,   0,   0,   0,   0,
  0,   0,   0,   0,   0,   0,   0,   0,   0,   0,   0,   0,   0,   0,   0,   0,   0,   0,   0,   0,   0,   0,   0,   0,   0,   0,   0,   0,
  0,   0,   0,   0,   0,   0,   0,   0,   0,   0,   0,   0,   0,   0,   0,   0,   0,   0,   0,   0,   0,   0,   0,   0,   0,   0,   0,   0,
  0,   0,   0,   0,   0,   0,   0,   0, 182, 253, 253, 207, 132, 132,  13,  13,  13,  10,   0,   0,   0,  11,   7,   0,   0,   0,   0,   0,
  0,   0,   0,   0,   0,   0,   0,  28, 222, 252, 252, 252, 252, 252, 253, 252, 252, 231, 145, 145, 145, 237, 206,   7,   0,   0,   0,   0,
  0,   0,   0,   0,   0,   0,   0,  66, 252, 242, 119, 199, 231, 252, 253, 252, 252, 252, 252, 252, 252, 252, 184,   5,   0,   0,   0,   0,
  0,   0,   0,   0,   0,   0,   0, 169, 252, 180,   0,   0,  36,  84,  84,  95, 204, 204, 238, 252, 236, 157,  48,   0,   0,   0,   0,   0,
  0,   0,   0,   0,   0,   0,  27, 229, 252, 180,   0,   0,   0,   0,   0,   0,   0,   0,  52,  72,  48,   0,   0,   0,   0,   0,   0,   0,
  0,   0,   0,   0,   0,   0,  26, 228, 252, 180,   0,   0,   0,   0,   0,   0,   0,   0,   0,   0,   0,   0,   0,   0,   0,   0,   0,   0,
  0,   0,   0,   0,   0,   0,   0, 169, 252, 239, 108,  12,   0,   0,   0,   0,   0,   0,   0,   0,   0,   0,   0,   0,   0,   0,   0,   0,
  0,   0,   0,   0,   0,   0,   0,  47, 225, 252, 252, 119,   9,   0,   0,   0,   0,   0,   0,   0,   0,   0,   0,   0,   0,   0,   0,   0,
  0,   0,   0,   0,   0,   0,   0,   0, 129, 252, 252, 252, 231, 114, 105,   0,   0,   0,   0,   0,   0,   0,   0,   0,   0,   0,   0,   0,
  0,   0,   0,   0,   0,   0,   0,   0,   3,  46, 230, 252, 252, 252, 253, 241, 166,  98,   0,   0,   0,   0,   0,   0,   0,   0,   0,   0,
  0,   0,   0,   0,   0,   0,   0,   0,   0,   0,   0, 105, 172, 241, 255, 253, 253, 253, 253, 161,  35,   2,   0,   0,   0,   0,   0,   0,
  0,   0,   0,   0,   0,   0,   0,   0,   0,   0,   0,   0,   0,   0, 109, 176, 231, 252, 252, 252, 252, 159,  25,   0,   0,   0,   0,   0,
  0,   0,   0,   0,   0,   0,   0,   0,   0,   0,   0,   0,   0,   0,   0,   0,  14,  96, 182, 226, 252, 252, 159,   2,   0,   0,   0,   0,
  0,   0,   0,   0,   0,   0,   0,   0,   0,   0,   0,   0,   0,   0,   0,   0,   0,   0,   0,  96, 252, 252, 231,   9,   0,   0,   0,   0,
  0,   0,   0,   0,   0,   0,  38,  84, 181, 129,   0,   0,   0,   0,   0,   0,   0,   0,  73, 235, 252, 252, 143,   0,   0,   0,   0,   0,
  0,   0,   0,   0,   0,  42, 184, 252, 200,  71,   0,   0,   0,   0,   0,   0,  46,  96, 235, 252, 252, 224, 103,   0,   0,   0,   0,   0,
  0,   0,   0,   0,   5, 181, 240,  88,  14,   0,   0,   0,   0,  81,  86, 153, 234, 252, 252, 252, 224,  46,   0,   0,   0,   0,   0,   0,
  0,   0,   0,   0,  70, 252, 247, 217, 217, 217, 217, 217, 217, 251, 253, 252, 252, 252, 229, 122,  24,   0,   0,   0,   0,   0,   0,   0,
  0,   0,   0,   0,   7, 206, 252, 252, 252, 252, 252, 252, 252, 252, 253, 252, 252, 179,  52,   0,   0,   0,   0,   0,   0,   0,   0,   0,
  0,   0,   0,   0,   0,   7,  87, 154, 252, 252, 252, 252, 200, 131, 127,  11,  11,   4,   0,   0,   0,   0,   0,   0,   0,   0,   0,   0,
  0,   0,   0,   0,   0,   0,   0,   0,   0,   0,   0,   0,   0,   0,   0,   0,   0,   0,   0,   0,   0,   0,   0,   0,   0,   0,   0,   0,
  0,   0,   0,   0,   0,   0,   0,   0,   0,   0,   0,   0,   0,   0,   0,   0,   0,   0,   0,   0,   0,   0,   0,   0,   0,   0,   0,   0,
  0,   0,   0,   0,   0,   0,   0,   0,   0,   0,   0,   0,   0,   0,   0,   0,   0,   0,   0,   0,   0,   0,   0,   0,   0,   0,   0,   0,
  0,   0,   0,   0,   0,   0,   0,   0,   0,   0,   0,   0,   0,   0,   0,   0,   0,   0,   0,   0,   0,   0,   0,   0,   0,   0,   0,   0
};

char digit7_label = '8';
int digit7_image[] = { // Label: 8
  0,   0,   0,   0,   0,   0,   0,   0,   0,   0,   0,   0,   0,   0,   0,   0,   0,   0,   0,   0,   0,   0,   0,   0,   0,   0,   0,   0,
  0,   0,   0,   0,   0,   0,   0,   0,   0,   0,   0,   0,   0,   0,   0,   0,   0,   0,   0,   0,   0,   0,   0,   0,   0,   0,   0,   0,
  0,   0,   0,   0,   0,   0,   0,   0,   0,   0,   0,   0,   0,   0,   0,   0,   0,   0,   0,   0,   0,   0,   0,   0,   0,   0,   0,   0,
  0,   0,   0,   0,   0,   0,   0,   0,   0,   0,   0,   0,   0,   0,   0,   0,   0,   0,   0,   0,   0,   0,   0,   0,   0,   0,   0,   0,
  0,   0,   0,   0,   0,   0,   0,   0,   0,   0,   0,   0,   0,   0,   0,   0,   0,  20, 128, 166, 239, 175,  19,   0,   0,   0,   0,   0,
  0,   0,   0,   0,   0,   0,   0,   0,   0,   0,   0,   0,   0,   0,   0,   0, 123, 241, 253, 253, 253, 253, 199,   0,   0,   0,   0,   0,
  0,   0,   0,   0,   0,   0,   0,   0,   0,   0,   0,   0,   0,   0,  22, 146, 252, 238, 191, 213, 191, 189, 252,  65,   0,   0,   0,   0,
  0,   0,   0,   0,   0,   0,   0,   0,   0,   0,   0,   0,   0,   2, 152, 254, 238,  31,   0,   9,   0,  12,  26,   7,   0,   0,   0,   0,
  0,   0,   0,   0,   0,   0,   0,   0,   0,   0,   0,   0,   4, 112, 253, 240,  61,   0,   0,   0,   0,   0,   0,   0,   0,   0,   0,   0,
  0,   0,   0,   0,   0,   0,   0,   0,   0,   0,   0,   0,  60, 253, 253,  61,   0,   0,   0,   0,   0,   0,   0,   0,   0,   0,   0,   0,
  0,   0,   0,   0,   0,   0,   0,   0,   0,   0,   0,   0, 106, 253, 244,   0,   0,   0,   0,   0,   0,   0,   0,   0,   0,   0,   0,   0,
  0,   0,   0,   0,   0,   0,   0,   0,   0,   0,   0,   0, 171, 253, 159,   0,   0,   5,  18,   3,   0,   0,   0,   0,   0,   0,   0,   0,
  0,   0,   0,   0,   0,   0,   0,   0,   0,   0,   0,  19, 234, 253, 115,  34, 181, 200, 253, 178,  17,   0,   0,   0,   0,   0,   0,   0,
  0,   0,   0,   0,   0,   0,   0,   0,   0,   0,   0,   0, 162, 253, 253, 227, 253, 253, 174, 121,  14,   0,   0,   0,   0,   0,   0,   0,
  0,   0,   0,   0,   0,   0,   0,   0,   0,   0,   0,   0, 106, 254, 254, 255, 254,  78,   0,   0,   0,   0,   0,   0,   0,   0,   0,   0,
  0,   0,   0,   0,   0,   0,   0,   0,   0,   0,  10, 148, 248, 253, 253, 205,  11,   1,   0,   0,   0,   0,   0,   0,   0,   0,   0,   0,
  0,   0,   0,   0,   0,   0,   0,   0,   0,  11, 178, 253, 248, 215, 253, 194,   2,   0,   0,   0,   0,   0,   0,   0,   0,   0,   0,   0,
  0,   0,   0,   0,   0,   0,   0,   0,  30, 220, 253, 220,  75,  48, 253, 254,   8,   0,   0,   0,   0,   0,   0,   0,   0,   0,   0,   0,
  0,   0,   0,   0,   0,   0,   0,  32, 187, 253, 162,  19,   0,  24, 253, 213,   4,   0,   0,   0,   0,   0,   0,   0,   0,   0,   0,   0,
  0,   0,   0,   0,   0,   0,  10, 148, 253, 204,   8,   0,   3, 148, 253, 121,   0,   0,   0,   0,   0,   0,   0,   0,   0,   0,   0,   0,
  0,   0,   0,   0,   0,   0,  80, 253, 211,  25,   0,   3, 163, 253, 244,   0,   0,   0,   0,   0,   0,   0,   0,   0,   0,   0,   0,   0,
  0,   0,   0,   0,   0,   0, 157, 253, 200,   4,  30, 150, 253, 243,  67,   0,   0,   0,   0,   0,   0,   0,   0,   0,   0,   0,   0,   0,
  0,   0,   0,   0,   0,   0, 154, 253, 238, 195, 253, 249, 171,  43,   0,   0,   0,   0,   0,   0,   0,   0,   0,   0,   0,   0,   0,   0,
  0,   0,   0,   0,   0,   0,  46, 247, 253, 253, 198,  43,   0,   0,   0,   0,   0,   0,   0,   0,   0,   0,   0,   0,   0,   0,   0,   0,
  0,   0,   0,   0,   0,   0,   0,   0,   0,   0,   0,   0,   0,   0,   0,   0,   0,   0,   0,   0,   0,   0,   0,   0,   0,   0,   0,   0,
  0,   0,   0,   0,   0,   0,   0,   0,   0,   0,   0,   0,   0,   0,   0,   0,   0,   0,   0,   0,   0,   0,   0,   0,   0,   0,   0,   0,
  0,   0,   0,   0,   0,   0,   0,   0,   0,   0,   0,   0,   0,   0,   0,   0,   0,   0,   0,   0,   0,   0,   0,   0,   0,   0,   0,   0,
  0,   0,   0,   0,   0,   0,   0,   0,   0,   0,   0,   0,   0,   0,   0,   0,   0,   0,   0,   0,   0,   0,   0,   0,   0,   0,   0,   0
};

char digit8_label = '9';
int digit8_image[] = { // Label: 9
  0,   0,   0,   0,   0,   0,   0,   0,   0,   0,   0,   0,   0,   0,   0,   0,   0,   0,   0,   0,   0,   0,   0,   0,   0,   0,   0,   0,
  0,   0,   0,   0,   0,   0,   0,   0,   0,   0,   0,   0,   0,   0,   0,   0,   0,   0,   0,   0,   0,   0,   0,   0,   0,   0,   0,   0,
  0,   0,   0,   0,   0,   0,   0,   0,   0,   0,   0,   0,   0,   0,   0,   0,   0,   0,   0,   0,   0,   0,   0,   0,   0,   0,   0,   0,
  0,   0,   0,   0,   0,   0,   0,   0,   0,   0,   0,   0,   0,   0,   0,   0,   0,   0,   0,   0,   0,   0,   0,   0,   0,   0,   0,   0,
  0,   0,   0,   0,   0,   0,   0,   0,   0,   0,   0,   0,   0,   0,   0,   0,   0,   0,   0,   0,   0,   0,   0,   0,   0,   0,   0,   0,
  0,   0,   0,   0,   0,   0,   0,   0,   0,   0,   0,   0,   0,   0,   0,   0,   0,   0,   0,   0,   0,   0,   0,   0,   0,   0,   0,   0,
  0,   0,   0,   0,   0,   0,   0,   0,   0,   0,   0,   0,   0,   0,   0,   0,   0,   0,   0,   0,   0,   0,   0,   0,   0,   0,   0,   0,
  0,   0,   0,   0,   0,   0,   0,   0,   0,   0,   0,   0,   0,   0,  54, 167, 255, 254, 254, 240, 113,   2,   0,   0,   0,   0,   0,   0,
  0,   0,   0,   0,   0,   0,   0,   0,   0,   0,   0,   0,   4,  84, 225, 254, 230, 229, 193, 218, 254,  57,   0,   0,   0,   0,   0,   0,
  0,   0,   0,   0,   0,   0,   0,   0,   0,   0,   0,   0, 104, 254, 254, 181,   2,   0,   0,  10, 214, 141,   0,   0,   0,   0,   0,   0,
  0,   0,   0,   0,   0,   0,   0,   0,   0,   0,   0,  55, 231, 244,  62,  17,   0,   0,   0,   9, 211, 181,   4,   0,   0,   0,   0,   0,
  0,   0,   0,   0,   0,   0,   0,   0,   0,   0,   0, 164, 254, 130,   0,   0,   0,   0,  19, 161, 254, 207,   4,   0,   0,   0,   0,   0,
  0,   0,   0,   0,   0,   0,   0,   0,   0,   0,  88, 249, 170,  10,   0,   0,  26, 137, 237, 241, 181,  30,   0,   0,   0,   0,   0,   0,
  0,   0,   0,   0,   0,   0,   0,   0,   0,   0, 127, 254, 145,  85, 157, 165, 196, 254, 252, 104,   0,   0,   0,   0,   0,   0,   0,   0,
  0,   0,   0,   0,   0,   0,   0,   0,   0,   0,  64, 237, 250, 254, 249, 254, 254, 247, 117,   0,   0,   0,   0,   0,   0,   0,   0,   0,
  0,   0,   0,   0,   0,   0,   0,   0,   0,   0,   0,   0,  51,  70, 164, 254, 235, 110,  16,   0,   0,   0,   0,   0,   0,   0,   0,   0,
  0,   0,   0,   0,   0,   0,   0,   0,   0,   0,   0,   0,   7, 162, 254, 204,  44,   0,   0,   0,   0,   0,   0,   0,   0,   0,   0,   0,
  0,   0,   0,   0,   0,   0,   0,   0,   0,   0,   0,  23, 162, 254, 166,  16,   0,   0,   0,   0,   0,   0,   0,   0,   0,   0,   0,   0,
  0,   0,   0,   0,   0,   0,   0,   0,   0,   0,   0, 155, 254, 177,  38,   0,   0,   0,   0,   0,   0,   0,   0,   0,   0,   0,   0,   0,
  0,   0,   0,   0,   0,   0,   0,   0,   0,   2, 164, 250, 192,  33,   0,   0,   0,   0,   0,   0,   0,   0,   0,   0,   0,   0,   0,   0,
  0,   0,   0,   0,   0,   0,   0,   0,   5, 140, 254, 204,  43,   0,   0,   0,   0,   0,   0,   0,   0,   0,   0,   0,   0,   0,   0,   0,
  0,   0,   0,   0,   0,   0,   0,   0, 160, 254, 215,  39,   0,   0,   0,   0,   0,   0,   0,   0,   0,   0,   0,   0,   0,   0,   0,   0,
  0,   0,   0,   0,   0,   0,  17, 123, 249, 204,  38,   0,   0,   0,   0,   0,   0,   0,   0,   0,   0,   0,   0,   0,   0,   0,   0,   0,
  0,   0,   0,   0,   0,   7, 151, 254, 178,  19,   0,   0,   0,   0,   0,   0,   0,   0,   0,   0,   0,   0,   0,   0,   0,   0,   0,   0,
  0,   0,   0,   0,   6, 111, 254, 165,  15,   0,   0,   0,   0,   0,   0,   0,   0,   0,   0,   0,   0,   0,   0,   0,   0,   0,   0,   0,
  0,   0,   0,   0,  72, 254, 140,   3,   0,   0,   0,   0,   0,   0,   0,   0,   0,   0,   0,   0,   0,   0,   0,   0,   0,   0,   0,   0,
  0,   0,   0,  38, 239, 125,   2,   0,   0,   0,   0,   0,   0,   0,   0,   0,   0,   0,   0,   0,   0,   0,   0,   0,   0,   0,   0,   0,
  0,   0,   0,   0,   0,   0,   0,   0,   0,   0,   0,   0,   0,   0,   0,   0,   0,   0,   0,   0,   0,   0,   0,   0,   0,   0,   0,   0
};

char digit9_label = '7';
int digit9_image[] = { // Label: 7
  0,   0,   0,   0,   0,   0,   0,   0,   0,   0,   0,   0,   0,   0,   0,   0,   0,   0,   0,   0,   0,   0,   0,   0,   0,   0,   0,   0,
  0,   0,   0,   0,   0,   0,   0,   0,   0,   0,   0,   0,   0,   0,   0,   0,   0,   0,   0,   0,   0,   0,   0,   0,   0,   0,   0,   0,
  0,   0,   0,   0,   0,   0,   0,   0,   0,   0,   0,   0,   0,   0,   0,   0,   0,   0,   0,   0,   0,   0,   0,   0,   0,   0,   0,   0,
  0,   0,   0,   0,   0,   0,   0,   0,   0,   0,   0,   0,   0,   0,   0,   0,   0,   0,   0,   0,   0,   0,   0,   0,   0,   0,   0,   0,
  0,   0,   0,   0,   0,   0,   0,   0,   0,   0,   0,   0,   0,   0,   0,   0,   0,   0,   0,   0,   0,   0,   0,   0,   0,   0,   0,   0,
  0,   0,   0,   0,   0,   0,   0,   0,   0,   0,   0,   0,   0,   0,   0,   0,   0,   0,   0,   0,   0,   0,   0,   0,   0,   0,   0,   0,
  0,   0,   0,   0,   0,   0,   0,   0,   0,   0,   0,   0,   0,   0,   0,   0,   0,   0,   0,   0,   0,   0,   0,   0,   0,   0,   0,   0,
  0,   0,   0,   0,   0,   0,   0,   0,   0,   0,   0,   0,   0,   0,   0,   0,  22,  69, 148, 210, 218, 135,   0,   0,   0,   0,   0,   0,
  0,   0,   0,   0,   0,   0,   0,   0,   0,   0,   0,   0,  57,  85, 146, 190, 221, 252, 252, 253, 252, 238,  28,   0,   0,   0,   0,   0,
  0,   0,   0,   0,   0,   0,  11,  22,  22,  84, 162, 232, 246, 252, 253, 252, 252, 252, 252, 253, 252, 252,  84,   0,   0,   0,   0,   0,
  0,   0,   0,   0,   0,  57, 211, 252, 252, 253, 252, 252, 252, 252, 253, 205, 180,  84,  84, 253, 252, 238,  28,   0,   0,   0,   0,   0,
  0,   0,   0,   0,   0,  50, 244, 252, 252, 253, 252, 244, 147, 103,  42,  11,   0,   0, 132, 253, 252, 231,   0,   0,   0,   0,   0,   0,
  0,   0,   0,   0,   0,   0,  62, 211, 124, 107,  27,   0,   0,   0,   0,   0,   0,  11, 219, 255, 253, 109,   0,   0,   0,   0,   0,   0,
  0,   0,   0,   0,   0,   0,   0,   0,   0,   0,   0,   0,   0,   0,   0,   0,   8, 171, 252, 253, 189,   5,   0,   0,   0,   0,   0,   0,
  0,   0,   0,   0,   0,   0,   0,   0,   0,   0,   0,   0,   0,   0,   0,   0,  31, 252, 252, 241,  66,   0,   0,   0,   0,   0,   0,   0,
  0,   0,   0,   0,   0,   0,   0,   0,   0,   0,   0,   0,   0,   0,   0,  22, 202, 252, 252,  80,   0,   0,   0,   0,   0,   0,   0,   0,
  0,   0,   0,   0,   0,   0,   0,   0,   0,   0,   0,   0,   0,   0,   0, 173, 252, 252, 208,   0,   0,   0,   0,   0,   0,   0,   0,   0,
  0,   0,   0,   0,   0,   0,   0,   0,   0,   0,   0,   0,   0,   0, 123, 253, 253, 199,  18,   0,   0,   0,   0,   0,   0,   0,   0,   0,
  0,   0,   0,   0,   0,   0,   0,   0,   0,   0,   0,   0,   0,  36, 253, 252, 236,  21,   0,   0,   0,   0,   0,   0,   0,   0,   0,   0,
  0,   0,   0,   0,   0,   0,   0,   0,   0,   0,   0,   0,  32, 223, 253, 245,  80,   0,   0,   0,   0,   0,   0,   0,   0,   0,   0,   0,
  0,   0,   0,   0,   0,   0,   0,   0,   0,   0,   0,  15, 190, 252, 253, 141,   0,   0,   0,   0,   0,   0,   0,   0,   0,   0,   0,   0,
  0,   0,   0,   0,   0,   0,   0,   0,   0,   0,   0,  66, 252, 252, 174,  11,   0,   0,   0,   0,   0,   0,   0,   0,   0,   0,   0,   0,
  0,   0,   0,   0,   0,   0,   0,   0,   0,   0,  50, 245, 253, 236,  45,   0,   0,   0,   0,   0,   0,   0,   0,   0,   0,   0,   0,   0,
  0,   0,   0,   0,   0,   0,   0,   0,   0,  15, 185, 252, 252,  68,   0,   0,   0,   0,   0,   0,   0,   0,   0,   0,   0,   0,   0,   0,
  0,   0,   0,   0,   0,   0,   0,   0,   0, 139, 252, 251, 134,   4,   0,   0,   0,   0,   0,   0,   0,   0,   0,   0,   0,   0,   0,   0,
  0,   0,   0,   0,   0,   0,   0,   0,   0, 148, 252, 231,   0,   0,   0,   0,   0,   0,   0,   0,   0,   0,   0,   0,   0,   0,   0,   0,
  0,   0,   0,   0,   0,   0,   0,   0,   0,  87, 226, 187,   0,   0,   0,   0,   0,   0,   0,   0,   0,   0,   0,   0,   0,   0,   0,   0,
  0,   0,   0,   0,   0,   0,   0,   0,   0,   0,   0,   0,   0,   0,   0,   0,   0,   0,   0,   0,   0,   0,   0,   0,   0,   0,   0,   0
};

char digit10_label = '0';
int digit10_image[] = { // Label: 0
  0,   0,   0,   0,   0,   0,   0,   0,   0,   0,   0,   0,   0,   0,   0,   0,   0,   0,   0,   0,   0,   0,   0,   0,   0,   0,   0,   0,
  0,   0,   0,   0,   0,   0,   0,   0,   0,   0,   0,   0,   0,   0,   0,   0,   0,   0,   0,   0,   0,   0,   0,   0,   0,   0,   0,   0,
  0,   0,   0,   0,   0,   0,   0,   0,   0,   0,   0,   0,   0,   0,   0,   0,   0,   0,   0,   0,   0,   0,   0,   0,   0,   0,   0,   0,
  0,   0,   0,   0,   0,   0,   0,   0,   0,   0,   0,   0,   0,   0,   0,   0,   0,   0,   0,   0,   0,   0,   0,   0,   0,   0,   0,   0,
  0,   0,   0,   0,   0,   0,   0,   0,   0,   0,   0,   0,   0,   0,   0,   0,   0,   0,   0,   0,   0,   0,   0,   0,   0,   0,   0,   0,
  0,   0,   0,   0,   0,   0,   0,   0,   0,   0,   0,   0,   0,   0,   0,  26, 235, 235, 235,  31,   0,   0,   0,   0,   0,   0,   0,   0,
  0,   0,   0,   0,   0,   0,   0,   0,   0,   0,   0,   0,   0,   0,  83, 219, 254, 254, 254, 220, 214, 117,  29,   0,   0,   0,   0,   0,
  0,   0,   0,   0,   0,   0,   0,   0,   0,   0,   0,   0,  20,  94, 238, 254, 254, 254, 254, 254, 254, 254, 126,   0,   0,   0,   0,   0,
  0,   0,   0,   0,   0,   0,   0,   0,   0,   0,   0,  34, 187, 254, 254, 254, 254, 254, 254, 254, 254, 254, 248,  80,   0,   0,   0,   0,
  0,   0,   0,   0,   0,   0,   0,   0,   0,   0,  79, 252, 254, 254, 252, 150, 189, 254, 254, 254, 254, 254, 254, 117,   0,   0,   0,   0,
  0,   0,   0,   0,   0,   0,   0,   0,   0,  79, 195, 254, 254, 254, 134,   0,  71, 124, 124, 124, 227, 254, 254, 117,   0,   0,   0,   0,
  0,   0,   0,   0,   0,   0,   0,   0,  16, 197, 254, 254, 254, 127,   2,   0,   0,   0,   0,   0, 200, 254, 254, 251,   0,   0,   0,   0,
  0,   0,   0,   0,   0,   0,   0,  20, 187, 254, 254, 254, 126,   5,   0,   0,   0,   0,   0,   0, 200, 254, 254, 206,   0,   0,   0,   0,
  0,   0,   0,   0, 113,   0,   0,  94, 254, 254, 254, 127,   5,   0,   0,   0,   0,   0,   0, 106, 245, 254, 254, 117,   0,   0,   0,   0,
  0,   0,   0,   0,  37,   0,  83, 238, 254, 254, 229,   5,   0,   0,   0,   0,   0,   0,  20, 228, 254, 254, 213,  32,   0,   0,   0,   0,
  0,   0,   0,   0,   0,  11, 219, 254, 254, 230,  43,   0,   0,   0,   0,   0,   0,  14, 195, 254, 254, 250,  86,   0,   0,   0,   0,   0,
  0,   0,   0,   0,   0, 101, 254, 254, 254, 100,   0,   0,   0,   0,   0,   1,  11, 199, 254, 254, 253, 132,   0,   0,   0,   0,   0,   0,
  0,   0,   0,   0,  58, 245, 254, 254, 152,   0,   0,   0,   0,   0,   0,  96, 254, 254, 254, 254, 192,   0,   0,   0,   0,   0,   0,   0,
  0,   0,   0,   0, 118, 254, 254, 232,  49,   0,   0,   0,  37, 104, 205, 250, 254, 254, 254, 254,  61,   0,   0,   0,   0,   0,   0,   0,
  0,   0,   0,   0, 118, 254, 254, 217,  84,  84,  84, 218, 233, 254, 254, 255, 254, 214, 171, 127,   8,   0,   0,   0,   0,   0,   0,   0,
  0,   0,   0,   0, 118, 254, 254, 254, 254, 254, 254, 254, 254, 254, 254, 248, 188,  28,   0,   0,   0,   0,   0,   0,   0,   0,   0,   0,
  0,   0,   0,   0,  35, 241, 254, 254, 254, 254, 254, 254, 254, 221, 213, 115,   0,   0,   0,   0,   0,   0,   0,   0,   0,   0,   0,   0,
  0,   0,   0,   0,   0, 141, 234, 234, 234, 234, 234, 173,  96,  18,   0,   0,   0,   0,   0,   0,   0,   0,   0,   0,   0,   0,   0,   0,
  0,   0,   0,   0,   0,   0,   0,   0,   0,   0,   0,   0,   0,   0,   0,   0,   0,   0,   0,   0,   0,   0,   0,   0,   0,   0,   0,   0,
  0,   0,   0,   0,   0,   0,   0,   0,   0,   0,   0,   0,   0,   0,   0,   0,   0,   0,   0,   0,   0,   0,   0,   0,   0,   0,   0,   0,
  0,   0,   0,   0,   0,   0,   0,   0,   0,   0,   0,   0,   0,   0,   0,   0,   0,   0,   0,   0,   0,   0,   0,   0,   0,   0,   0,   0,
  0,   0,   0,   0,   0,   0,   0,   0,   0,   0,   0,   0,   0,   0,   0,   0,   0,   0,   0,   0,   0,   0,   0,   0,   0,   0,   0,   0,
  0,   0,   0,   0,   0,   0,   0,   0,   0,   0,   0,   0,   0,   0,   0,   0,   0,   0,   0,   0,   0,   0,   0,   0,   0,   0,   0,   0
};

char digit11_label = '7';
int digit11_image[] = { // Label: 7
  0,   0,   0,   0,   0,   0,   0,   0,   0,   0,   0,   0,   0,   0,   0,   0,   0,   0,   0,   0,   0,   0,   0,   0,   0,   0,   0,   0,
  0,   0,   0,   0,   0,   0,   0,   0,   0,   0,   0,   0,   0,   0,   0,   0,   0,   0,   0,   0,   0,   0,   0,   0,   0,   0,   0,   0,
  0,   0,   0,   0,   0,   0,   0,   0,   0,   0,   0,   0,   0,   0,   0,   0,   0,   0,   0,   0,   0,   0,   0,   0,   0,   0,   0,   0,
  0,   0,   0,   0,   0,   0,   0,   0,   0,   0,   0,   0,   0,   0,   0,   0,   0,   0,   0,   0,   0,   0,   0,   0,   0,   0,   0,   0,
  0,   0,   0,   0,   0,   0,   0,   0,   0,   0,   0,   0,   0,   0,   0,   0,   0,   0,   0,   0,   0,   0,   0,   0,   0,   0,   0,   0,
  0,   0,   0,   0,   0,   0,   0,   0,   0,   0,   0,   0,   0,   0,   0,   0,   0,   0,   0,   0,   0,   0,   0,   0,   0,   0,   0,   0,
  0,   0,   0,   0,   0,   0,   0,   0,   0,   0,   0,   0,   0,   0,   0,   0,   0,   0,   0,   0,   0,   0,   0,   0,   0,   0,   0,   0,
  0,   0,   0,   0,   0,   0,   0,   0,   0,   0,   0,   0,   0,   0,   0,   0,   0,   0,   0,   0,   0,   0,   0,   0,   0,   0,   0,   0,
  0,   0,   0,   0,   0,  37, 118, 140, 140, 140, 140, 140,  73, 124, 120,  37,  16,   0,   0,   0,   0,   0,   0,   0,   0,   0,   0,   0,
  0,   0,   0,   0,   0, 255, 253, 253, 253, 253, 253, 253, 253, 253, 253, 253, 215, 109,  39,   0,   0,   0,   0,   0,   0,   0,   0,   0,
  0,   0,   0,   0,   0, 101, 227, 128, 124,  71,  93, 124, 149, 140, 124, 124, 241, 253, 187,  37,   0,   0,   0,   0,   0,   0,   0,   0,
  0,   0,   0,   0,   0,   0,   0,   0,   0,   0,   0,   0,   0,   0,   0,   0, 175, 253, 253,  72,   0,   0,   0,   0,   0,   0,   0,   0,
  0,   0,   0,   0,   0,   0,   0,   0,   0,   0,   0,   0,   0,   0,   0,   7, 250, 253, 177,   9,   0,   0,   0,   0,   0,   0,   0,   0,
  0,   0,   0,   0,   0,   0,   0,   0,   0,   0,   0,   0,   0,  27,  84, 200, 253, 253,  51,   0,   0,   0,   0,   0,   0,   0,   0,   0,
  0,   0,   0,   0,   0,   0,   0,   0,   0,   0,   0,  97, 110, 214, 253, 253, 253, 253,  63,   2,   0,   0,   0,   0,   0,   0,   0,   0,
  0,   0,   0,   0,   0,   0,   0,   0,   0,   0,   0, 223, 253, 232, 253, 253, 253, 253, 253, 151,  27,   0,   0,   0,   0,   0,   0,   0,
  0,   0,   0,   0,   0,   0,   0,   0,   0,   0,   0,  45, 120, 134, 253, 253,  97,  51, 107, 225, 220,  99,  14,   0,   0,   0,   0,   0,
  0,   0,   0,   0,   0,   0,   0,   0,   0,   0,   0,   0,   0, 211, 253, 237,   4,   0,   0,   3, 152, 253, 246, 145,  61,   0,   0,   0,
  0,   0,   0,   0,   0,   0,   0,   0,   0,   0,   0,   0,  22, 227, 253, 119,   0,   0,   0,   0,   6,  62,  62,  62,  62,   0,   0,   0,
  0,   0,   0,   0,   0,   0,   0,   0,   0,   0,   0,   0, 160, 253, 192,   3,   0,   0,   0,   0,   0,   0,   0,   0,   0,   0,   0,   0,
  0,   0,   0,   0,   0,   0,   0,   0,   0,   0,   0,  44, 229, 252,  68,   0,   0,   0,   0,   0,   0,   0,   0,   0,   0,   0,   0,   0,
  0,   0,   0,   0,   0,   0,   0,   0,   0,   0,   0, 213, 253, 154,   0,   0,   0,   0,   0,   0,   0,   0,   0,   0,   0,   0,   0,   0,
  0,   0,   0,   0,   0,   0,   0,   0,   0,   0,   0, 196, 253,  75,   0,   0,   0,   0,   0,   0,   0,   0,   0,   0,   0,   0,   0,   0,
  0,   0,   0,   0,   0,   0,   0,   0,   0,   0,   0,  24, 114,   6,   0,   0,   0,   0,   0,   0,   0,   0,   0,   0,   0,   0,   0,   0,
  0,   0,   0,   0,   0,   0,   0,   0,   0,   0,   0,   0,   0,   0,   0,   0,   0,   0,   0,   0,   0,   0,   0,   0,   0,   0,   0,   0,
  0,   0,   0,   0,   0,   0,   0,   0,   0,   0,   0,   0,   0,   0,   0,   0,   0,   0,   0,   0,   0,   0,   0,   0,   0,   0,   0,   0,
  0,   0,   0,   0,   0,   0,   0,   0,   0,   0,   0,   0,   0,   0,   0,   0,   0,   0,   0,   0,   0,   0,   0,   0,   0,   0,   0,   0,
  0,   0,   0,   0,   0,   0,   0,   0,   0,   0,   0,   0,   0,   0,   0,   0,   0,   0,   0,   0,   0,   0,   0,   0,   0,   0,   0,   0
};

char digit12_label = '4';
int digit12_image[] = { // Label: 4
  0,   0,   0,   0,   0,   0,   0,   0,   0,   0,   0,   0,   0,   0,   0,   0,   0,   0,   0,   0,   0,   0,   0,   0,   0,   0,   0,   0,
  0,   0,   0,   0,   0,   0,   0,   0,   0,   0,   0,   0,   0,   0,   0,   0,   0,   0,   0,   0,   0,   0,   0,   0,   0,   0,   0,   0,
  0,   0,   0,   0,   0,   0,   0,   0,   0,   0,   0,   0,   0,   0,   0,   0,   0,   0,   0,   0,   0,   0,   0,   0,   0,   0,   0,   0,
  0,   0,   0,   0,   0,   0,   0,   0,   0,   0,   0,   0,   0,   0,   0,   0,   0,   0,   0,   0,   0,   0,   0,   0,   0,   0,   0,   0,
  0,   0,   0,   0,   0,   0,   0,   0,   0,   0,   0,   0,   0,   0,   0,   0,   0,   0,   0,   0,   0,   0,   0,   0,   0,   0,   0,   0,
  0,   0,   0,   0,   0,   0,   0,   0,   0,   0,   0,   0,   0,   0,   0,   0,   0,   0,   0,   0,   0,   0,   0,   0,   0,   0,   0,   0,
  0,   0,   0,   0,   0,   0,   0,   0,   0,   0,   0,   0,   0,   0,   0,   0,   0,   0,   0,   0,   0,   0,   4,  93, 177,   7,   0,   0,
  0,   0,   0,   0,   0,   0,   0,   0,   0,   0,   0,   0,   0,   0,   0,   0,   0,   0,   0,   0,   0,   5, 165, 254, 237, 180,   0,   0,
  0,   0,   0,   0,   0,   0,   0,   0,   0,   0,   0,   0,   3,  12,   0,   0,   0,   0,   0,   0,   6, 164, 254, 181,   5, 216,   0,   0,
  0,   0,   0,   0,   0,   0,   0,   0,   0,   0,   0,   3, 133, 225,  38,   0,   0,   0,   0,   0, 161, 254, 215,   7,   0, 104,   0,   0,
  0,   0,   0,   0,   0,   0,   0,   0,   0,   0,   3, 133, 254, 218,  12,   0,   0,   0,   7, 150, 248, 246,  34,   0,  10,  19,   0,   0,
  0,   0,   0,   0,   0,   0,   0,   0,   0,  30, 183, 254, 191,  47,   0,   0,   0,   7, 163, 254, 245,  81,   0,  10,  58,   0,   0,   0,
  0,   0,   0,   0,   0,   0,   0,   0,  63, 240, 254, 189,  31,   0,   0,   0,   7, 162, 254, 245,  54,   0,  11,  72,  18,   0,   0,   0,
  0,   0,   0,   0,   0,   0,   0,  90, 240, 254, 181,  11,   0,   0,   0,   7, 162, 254, 245,  54,   0,  25, 171,  10,   0,   0,   0,   0,
  0,   0,   0,   0,   0,   0,  62, 241, 251, 142,  11,   0,   0,   0,   0, 154, 254, 245,  82,   0,  90, 218,  68,   0,   0,   0,   0,   0,
  0,   0,   0,   0,   0,   0, 215, 254, 142,   0,  17,   0,   0,   0,  81, 232, 245,  54,  11, 143, 157,  34,   0,   0,   0,   0,   0,   0,
  0,   0,   0,   0,   0,   0, 255, 254, 241, 221, 232, 221, 166, 221, 247, 254, 248, 210, 174, 107,   4,   0,   0,   0,   0,   0,   0,   0,
  0,   0,   0,   0,   0,   0,  85, 169, 234, 195, 195, 201, 254, 254, 254, 137,  42,  23,   0,   0,   0,   0,   0,   0,   0,   0,   0,   0,
  0,   0,   0,   0,   0,   0,   0,   0,  16,   0,   6, 164, 254, 245,  85,   5,   0,   0,   0,   0,   0,   0,   0,   0,   0,   0,   0,   0,
  0,   0,   0,   0,   0,   0,   0,   0,   0,   0, 147, 254, 246,  53,   0,   0,   0,   0,   0,   0,   0,   0,   0,   0,   0,   0,   0,   0,
  0,   0,   0,   0,   0,   0,   0,   0,   0,  11, 228, 254,  96,   0,   0,   0,   0,   0,   0,   0,   0,   0,   0,   0,   0,   0,   0,   0,
  0,   0,   0,   0,   0,   0,   0,   0,   0,  67, 178,  80,   3,   0,   0,   0,   0,   0,   0,   0,   0,   0,   0,   0,   0,   0,   0,   0,
  0,   0,   0,   0,   0,   0,   0,   0,   0,   0,   0,   0,   0,   0,   0,   0,   0,   0,   0,   0,   0,   0,   0,   0,   0,   0,   0,   0,
  0,   0,   0,   0,   0,   0,   0,   0,   0,   0,   0,   0,   0,   0,   0,   0,   0,   0,   0,   0,   0,   0,   0,   0,   0,   0,   0,   0,
  0,   0,   0,   0,   0,   0,   0,   0,   0,   0,   0,   0,   0,   0,   0,   0,   0,   0,   0,   0,   0,   0,   0,   0,   0,   0,   0,   0,
  0,   0,   0,   0,   0,   0,   0,   0,   0,   0,   0,   0,   0,   0,   0,   0,   0,   0,   0,   0,   0,   0,   0,   0,   0,   0,   0,   0,
  0,   0,   0,   0,   0,   0,   0,   0,   0,   0,   0,   0,   0,   0,   0,   0,   0,   0,   0,   0,   0,   0,   0,   0,   0,   0,   0,   0,
  0,   0,   0,   0,   0,   0,   0,   0,   0,   0,   0,   0,   0,   0,   0,   0,   0,   0,   0,   0,   0,   0,   0,   0,   0,   0,   0,   0
};

char digit13_label = '0';
int digit13_image[] = { // Label: 0
  0,   0,   0,   0,   0,   0,   0,   0,   0,   0,   0,   0,   0,   0,   0,   0,   0,   0,   0,   0,   0,   0,   0,   0,   0,   0,   0,   0,
  0,   0,   0,   0,   0,   0,   0,   0,   0,   0,   0,   0,   0,   0,   0,   0,   0,   0,   0,   0,   0,   0,   0,   0,   0,   0,   0,   0,
  0,   0,   0,   0,   0,   0,   0,   0,   0,   0,   0,   0,   0,   0,   0,   0,   0,   0,   0,   0,   0,   0,   0,   0,   0,   0,   0,   0,
  0,   0,   0,   0,   0,   0,   0,   0,   0,   0,   0,   0,   0,   0,   0,   0,   0,   0,   0,   0,   0,   0,   0,   0,   0,   0,   0,   0,
  0,   0,   0,   0,   0,   0,   0,   0,   0,   0,   0,   0,   0,   0,   0,   0,   0,   0,   0,   0,   0,   0,   0,   0,   0,   0,   0,   0,
  0,   0,   0,   0,   0,   0,   0,   0,   0,   0,   0,   0,   0,   0,   0,   0,   0,   0,   0,  41,  67,   9,   0,   0,   0,   0,   0,   0,
  0,   0,   0,   0,   0,   0,   0,   0,   0,   0,   0,   0,   0,   0,   0,   0,   0,   0,  53, 237, 253, 167,   0,   0,   0,   0,   0,   0,
  0,   0,   0,   0,   0,   0,   0,   0,   0,   0,   0,   0,   0,   0,   0,  80, 133, 133, 228, 183, 248, 253,   0,   0,   0,   0,   0,   0,
  0,   0,   0,   0,   0,   0,   0,   0,   0,   0,   0,   0,   0,   0,  90, 250, 253, 253, 131,   0, 188, 253,   0,   0,   0,   0,   0,   0,
  0,   0,   0,   0,   0,   0,   0,   0,   0,   0,   0,   0,  12, 166, 244, 253, 195, 234, 170,  16, 211, 253,   0,   0,   0,   0,   0,   0,
  0,   0,   0,   0,   0,   0,   0,   0,   0,   0,   0,   5, 188, 253, 249,  79,   8,  60, 223,  98, 253, 253,   0,   0,   0,   0,   0,   0,
  0,   0,   0,   0,   0,   0,   0,   0,   0,   0,  33, 184, 254, 253,  87,   0,   0,  35,   9, 155, 253, 253,   0,   0,   0,   0,   0,   0,
  0,   0,   0,   0,   0,   0,   0,   0,   0,  14, 208, 253, 254, 170,  12,   0,   0,   0,   4, 185, 253, 220,   0,   0,   0,   0,   0,   0,
  0,   0,  49,   0,   0,   0,   0,   0,   5, 184, 253, 253, 177,  10,   0,   0,   0,   0, 156, 253, 253,  95,   0,   0,   0,   0,   0,   0,
  0,   0,   0,   0,   0,   0,   0,   0,  89, 254, 254, 192,   0,   0,   0,   0,   0,  65, 245, 255, 177,   0,   0,   0,   0,   0,   0,   0,
  0,   0,   0,   0,   0,   0,   0,  62, 247, 253, 233,  58,   0,   0,   0,   0,  39, 237, 253, 242,  82,   0,   0,   0,   0,   0,   0,   0,
  0,   0,   0,   0,   0,   0,  90, 225, 253, 236,  59,   0,   0,   0,   0,   9, 181, 253, 253, 118,   0,   0,   0,   0,   0,   0,   0,   0,
  0,   0,   0,   0,   0,   0, 166, 253, 248,  52,   0,   0,   0,   0,  19, 187, 253, 253, 128,   4,   0,   0,   0,   0,   0,   0,   0,   0,
  0,   0,   0,   0,   0,   0, 166, 253, 194,   0,   0,   0,  56,  85, 238, 253, 241, 112,   8,   0,   0,   0,   0,   0,   0,   0,   0,   0,
  0,   0,   0,   0,   0,  18, 235, 253, 251, 199, 199, 199, 254, 253, 253, 158,  43,   0,   0,   0,   0,   0,   0,   0,   0,   0,   0,   0,
  0,   0,   0,   0,   0,   2, 168, 253, 253, 253, 253, 253, 254, 246, 108,   1,   0,   0,   0,   0,   0,   0,   0,   0,   0,   0,   0,   0,
  0,   0,   0,   0,   0,   0,  22, 137, 211, 253, 220, 209, 100,  30,   0,   0,   0,   0,   0,   0,   0,   0,   0,   0,   0,   0,   0,   0,
  0,   0,   0,   0,   0,   0,   0,   0,   3,  66,  17,   0,   0,   0,   0,   0,   0,   0,   0,   0,   0,   0,   0,   0,   0,   0,   0,   0,
  0,   0,   0,   0,   0,   0,   0,   0,   0,   0,   0,   0,   0,   0,   0,   0,   0,   0,   0,   0,   0,   0,   0,   0,   0,   0,   0,   0,
  0,   0,   0,   0,   0,   0,   0,   0,   0,   0,   0,   0,   0,   0,   0,   0,   0,   0,   0,   0,   0,   0,   0,   0,   0,   0,   0,   0,
  0,   0,   0,   0,   0,   0,   0,   0,   0,   0,   0,   0,   0,   0,   0,   0,   0,   0,   0,   0,   0,   0,   0,   0,   0,   0,   0,   0,
  0,   0,   0,   0,   0,   0,   0,   0,   0,   0,   0,   0,   0,   0,   0,   0,   0,   0,   0,   0,   0,   0,   0,   0,   0,   0,   0,   0,
  0,   0,   0,   0,   0,   0,   0,   0,   0,   0,   0,   0,   0,   0,   0,   0,   0,   0,   0,   0,   0,   0,   0,   0,   0,   0,   0,   0
};

